2082
29.4

25.6
20.3
28.1
21.8
-7.8
3.1
-8.9
14.4
22.1
8.7
-3.5
-11.3
6.3
19.4
20.5
-16.1
13.7
-8.1
-5.0
-3.2
1.9
17.2
-4.8
15.2
29.3
-2.9
1.1
17.0
15.0
14.9
-3.4
28.5
15.4
-0.9
-0.9
-5.1
-12.5
-17.2
-1.8
8.6
-3.3
17.6
18.3
-13.9
16.0
16.6
-2.5
29.4
11.1
-4.4
5.5
-0.4
1.6
-4.1
15.9
24.5
14.1

4170
21.1

63.6
45.5
37.6
38.3
48.9
62.4
25.4
47.1
59.5
30.1
34.1
46.0
68.4
28.6
59.5
49.0
62.1
22.1
26.8
53.1
27.6
68.9
26.2
61.5
21.1
35.3
29.2
35.2
51.5
32.2
29.1
45.4
50.7
26.2
70.7
33.9
63.9
45.8
70.5
62.2
50.8
56.1
40.6
51.0
66.1
68.6
43.1

3894
-35.3

-51.4
-44.8
-40.3
-38.5
-74.7
-80.4
-78.6
-47.4
-42.7
-55.5
-44.8
-78.4
-60.7
-45.9
-81.4
-50.0
-65.6
-80.5
-63.3
-57.6
-36.4
-66.2
-37.2
-50.8
-73.6
-70.5
-35.3
-72.9
-65.7
-64.8
-77.0
-65.9
-42.5
-65.7
-46.5
-62.5
-40.9
-58.3
-36.3
-40.8
-83.9
-78.7
-75.3
-79.4

3581
31.8

65.2
60.1
66.5
55.3
41.1
44.6
49.1
32.6
58.0
44.6
54.9
39.7
31.8
77.7
56.9
81.5
35.2
69.8
48.8
72.4
61.1
74.8
67.3
78.6
68.7
67.4
48.6
55.8
73.0
51.4
65.7
48.6
55.9
69.8
34.1
33.1
53.8
75.8
50.8
59.6
68.6
73.2
44.8
73.5
63.2
53.6
32.3
54.3
62.1
44.3
79.6
33.1
76.9
80.8
70.9
59.4
67.5
39.9
44.0

2222
40.0

12.6
4.4
8.5
13.6
19.5
19.0
21.6
10.5
12.0
9.6
-0.2
22.6
13.7
39.8
0.7
-1.9
-1.5
12.3
30.4
4.7
25.4
1.6
5.3
26.4
6.1
4.0
22.9
29.1
2.9
-2.0
4.5
14.2
-1.4
0.6
-6.9
0.6
14.7
-3.4
0.7
35.2
4.4
1.0
11.2
17.9
4.6
12.8
26.5
39.9
-6.3
3.6
37.2
32.8
-6.5
33.9
30.1
22.5
27.4
37.8
17.9
-9.9
37.6
25.3
40.0
-6.9
36.9
6.1

3592
-18.6

1.4
24.6
-2.2
6.8
-5.9
13.4
-1.4
15.8
-9.3
16.8
29.5
10.1
20.6
12.5
-18.1
-0.4
-6.2
0.3
8.3
17.2
5.1
2.6
19.9
-10.3
30.2
-6.7
12.5
-11.1
-2.7
18.4
28.1
25.6
-15.2
-14.4
30.8
31.1
13.0
3.6
-9.5
14.9
19.2
20.5
-14.3
-13.3
18.9
1.8
-17.2
-3.5
8.8
-11.2
5.5
21.1
-18.2
-18.6
13.7
30.3
31.2
15.5
9.5
-2.1
8.0

3300
11.3

5.8
-32.8
-9.6
11.3
0.8
4.5
0.1
-15.0
-4.4
-2.5
1.9
4.6
-9.8
-9.8
-7.6
-4.9
-15.2
6.5
-23.2
-37.0
-19.5
-8.0
-0.5
2.0
-15.8
-28.0
-8.7
-25.3
-12.8
-13.1
8.1
-25.4
-16.6
-15.0
-33.7
-23.8
-15.0
-31.7
-15.0
5.9
-24.1
-32.6
-24.6
-3.7
-13.0
9.2
-16.6
-18.6
3.4
-6.6
-10.3
-22.7
-22.2
-31.0
-23.1
-15.3
3.6

3093
-45.5

-12.7
-7.9
-36.3
-0.8
-36.8
-6.4
-16.1
-24.9
-39.8
-0.7
-41.1
-45.5
-7.8
-13.0
-4.8
-28.6
-34.3
-27.0
-15.3
-39.1
0.2
-37.8
-15.7
-38.8
-40.9
-33.0
-3.1
-43.7

2550
12.4

7.5
-13.5
-17.0
-34.9
4.2
-23.9
-16.9
-18.0
6.7
-25.4
-31.2
-28.9
-14.2
4.3
-32.2
-36.9
-9.6
-27.3
6.6
1.7
-24.8
-15.7
-11.7
-2.5
-12.7
-26.4
-5.2
-3.4
-27.5
6.2
-8.3
-30.4
-24.6
-7.4
-3.3
-12.8
-11.3
4.0
2.3
-1.1
12.4
-14.8
-4.7
2.0
-35.8
-15.3
-15.7
-27.1
6.9

3377
43.8

63.7
68.4
71.3
48.5
64.8
80.1
68.5
44.9
44.1
71.6
92.8
90.3
87.7
63.7
67.1
75.8
90.6
51.6
43.8
62.1
52.4
86.7
84.7
61.3
70.0
83.6
50.4
69.6
78.1
81.8
84.5
62.5
54.4
71.9
67.6
